0,310
0,305
0,308
0,307
0,302
0,304
0,303
0,12
0,10
0,8
0,0
0,417
0,368
0,300
0,430
0,414
0,299
0,559
0,492
0,298
0,445
0,413
0,297
0,318
0,412
0,296
0,535
0,411
0,295
0,530
0,539
0,294
0,570
0,410
0,293
0,529
0,488
0,292
0,550
0,436
0,291
0,351
0,406
0,290
0,558
0,515
0,289
0,549
0,563
0,288
0,416
0,405
0,287
0,491
0,404
0,286
0,505
0,403
0,285
0,528
0,473
0,284
0,527
0,452
0,283
0,526
0,537
0,282
0,399
0,464
0,281
0,397
0,333
0,280
0,442
0,394
0,279
0,393
0,499
0,278
0,391
0,560
0,277
0,388
0,276
0,557
0,275
0,383
0,387
0,274
0,437
0,386
0,273
0,536
0,385
0,272
0,484
0,418
0,271
0,384
0,270
0,525
0,485
0,269
0,544
0,495
0,268
0,534
0,381
0,267
0,524
0,479
0,266
0,556
0,561
0,265
0,521
0,380
0,264
0,472
0,379
0,263
0,330
0,378
0,262
0,477
0,409
0,261
0,519
0,377
0,260
0,523
0,552
0,259
0,475
0,571
0,258
0,507
0,374
0,257
0,522
0,566
0,256
0,542
0,415
0,255
0,498
0,373
0,254
0,466
0,372
0,253
0,518
0,371
0,252
0,562
0,459
0,251
0,514
0,370
0,250
0,468
0,448
0,249
0,520
0,396
0,248
0,486
0,367
0,247
0,541
0,400
0,246
0,517
0,450
0,245
0,463
0,366
0,244
0,457
0,365
0,242
0,402
0,364
0,241
0,547
2759,5
1,3
1,1
2760,3
2760,1
0,243
0,361
0,376
0,408
0,419
0,471
0,481
0,482
0,489
0,494
0,503
0,506
0,565
2,2
2,4
3,0
3,1
2756,0
2756,2
2756,3
2758,1
2758,2
2759,2
2760,2
2761,1
2761,3
2762,0
2762,2
2762,3
2763,0
2763,2
2763,3
2764,1
2764,2
2764,4
2765,1
2765,2
2765,4
2766,0
2766,2
2766,3
2768,0
2768,2
2768,3
2770,0
2770,1
2770,3
2773,0
2773,1
2773,3
2773,4
2776,1
2776,2
2776,4
2776,6
2778,0
2778,2
2778,3
2779,0
2779,2
2779,3
2779,5
2780,0
2780,2
2780,3
2783,1
2783,3
2783,4
2783,5
2783,2
2783,0
2780,1
2779,4
2779,1
2778,4
2778,1
2776,5
2776,3
2776,0
2773,2
2770,4
2770,2
2768,4
2768,1
2766,4
2766,1
2765,3
2765,0
2764,3
2764,0
2763,1
2762,4
2762,1
2761,2
2761,0
2758,3
2758,0
2756,1
3,3
2,5
0,575
0,564
0,496
0,487
0,474
0,422
0,382
0,322
2759,4
2760,0
1,0
2759,1
2759,3
2759,0
2,1
2,3
2,0
0,9
0,363
0,240
0,516
0,350
0,239
0,334
0,362
0,238
0,461
0,574
0,237
0,540
0,497
0,236
0,456
0,359
0,235
0,538
0,446
0,234
0,401
0,460
0,233
0,375
0,358
0,232
0,513
0,357
0,231
0,490
0,356
0,230
0,329
0,355
0,229
0,493
0,354
0,228
0,319
0,353
0,227
0,511
0,568
0,226
0,512
0,352
0,225
0,455
0,369
0,224
0,510
0,567
0,223
0,480
0,349
0,222
0,573
0,454
0,221
0,509
0,220
0,398
0,348
0,219
0,360
0,347
0,218
0,546
0,346
0,217
0,508
0,423
0,216
0,451
0,502
0,215
0,504
0,343
0,214
0,569
0,342
0,213
0,435
0,341
0,212
0,476
0,340
0,211
0,390
0,339
0,210
0,429
0,338
0,209
0,424
0,337
0,208
0,434
0,336
0,207
0,447
0,478
0,206
0,335
0,205
0,444
0,441
0,204
0,443
0,553
0,203
0,554
0,332
0,202
0,483
0,440
0,201
0,533
0,345
0,200
0,470
0,331
0,199
0,439
0,433
0,198
0,438
0,407
0,197
0,469
0,328
0,196
0,551
0,500
0,195
0,532
0,431
0,194
0,467
0,327
0,193
0,326
0,192
0,465
0,325
0,63
0,432
0,324
0,62
0,545
0,323
0,61
0,453
0,321
0,60
0,449
0,428
0,59
0,555
0,320
0,58
0,427
0,389
0,57
0,426
0,421
0,56
0,543
0,317
0,55
0,531
0,458
0,54
0,548
0,425
0,53
0,316
0,52
0,315
0,51
0,344
0,314
0,50
0,420
0,313
0,49
0,395
0,312
0,48
0,392
0,311
0,47
0,572
0,309
0,46
0,462
0,306
0,45
0,501
0,301
0,6
0,5
0,1
0,11
0,4
0,2
0,3
0,7
